17.456700 24.303800 25.591000 35.170000
16.624000 24.335100 25.290200 35.501800
16.032800 24.134700 25.097300 35.394800
15.616400 24.410300 25.053400 35.184300
14.425600 24.754700 24.851700 35.095100
12.260500 25.024000 25.553300 35.202100
13.143200 24.441600 25.491900 34.798900
15.158400 24.435300 25.465600 35.030900
15.524800 24.767200 25.483100 34.988000
16.340900 24.685800 25.360300 35.155700
16.507400 25.211900 25.070900 35.376900
14.200800 25.600200 24.974500 35.762300
14.891900 25.305800 25.079700 35.662400
15.674700 25.424800 24.948100 35.683800
15.250000 25.756700 25.220000 35.512500
16.332600 25.788000 25.167400 35.612400
17.323500 25.737900 25.228800 35.455400
16.432500 25.080400 24.974500 35.605300
17.256900 26.326600 25.018300 36.015600
15.807900 26.270300 24.720100 35.412600
16.166000 26.589700 24.658700 35.366200
15.724700 26.877700 24.614900 35.337700
16.890500 25.318300 24.746400 35.601700
16.998700 25.775500 25.141100 35.944300
16.507400 25.393500 25.103200 36.251100
16.624000 24.028300 25.191300 36.322500
15.799600 23.608700 25.314600 36.336700
15.793800 24.397700 25.561300 36.351000
15.877500 24.504200 25.693300 36.465200
16.003100 24.623200 25.799100 36.397400
15.802100 24.504200 25.402700 36.012100
16.555700 24.554300 25.420300 35.837200
16.940800 24.122200 25.358600 36.269000
17.685900 24.260000 25.895900 36.607900
17.376200 24.297500 26.072100 36.675700
17.769700 24.660800 26.169000 36.650700
17.284100 24.792300 26.318800 36.761300
16.898900 25.005200 26.257000 36.739900
16.589100 25.374700 26.124900 36.700700
15.852400 25.381000 26.433200 36.497300
15.986300 24.992700 26.820800 36.450900
15.132300 25.412300 27.190700 34.427900
15.216100 25.324600 27.014600 34.938100
15.266300 25.568900 27.033200 34.788200
13.960200 25.280800 27.298500 34.131700
14.713700 25.368500 27.156900 33.660700
14.738800 25.418600 26.794400 34.499200
14.496000 25.418600 26.882800 34.449300
14.814200 26.032300 27.006600 34.870300
14.964900 26.069900 26.758900 34.884600
16.011400 25.850700 26.962400 34.959500
15.199300 26.176300 27.015500 33.981800
14.554600 26.176300 26.926900 34.349300
14.621600 26.138800 26.944700 34.417100
15.031900 26.671100 26.573200 34.277800
14.897900 27.003000 26.396300 34.876000
15.199300 26.790100 26.652800 35.151800
16.044900 27.009300 26.935900 35.982900
15.852400 26.508200 26.670500 35.943500
14.747200 27.147000 26.422800 36.018700
14.822500 26.940400 26.599700 35.950700
14.856000 26.627200 26.582100 35.828900
14.998400 26.721200 26.520100 35.456300
13.843000 26.044800 26.405200 35.510100
13.591800 26.476900 26.369800 35.520800
13.441100 26.226400 26.424800 35.578100
13.039200 25.975900 26.371500 36.126200
12.160100 25.938300 26.451500 36.183500
12.855000 26.464400 26.256100 36.323200
13.240200 26.890300 25.945100 36.394900
12.645700 26.927800 26.140600 36.455800
12.168500 26.702400 25.962800 36.244400
11.322900 26.433100 26.105000 36.473700
11.096800 25.525000 25.945100 36.710100
11.657700 25.819400 26.025000 37.204400
10.502300 25.706600 26.540300 37.344100
10.000000 25.888200 26.567100 37.408600
10.083700 25.280800 26.629300 37.394300
11.348000 24.955100 26.602600 37.892200
11.741500 25.224400 26.878000 37.691600
12.444800 25.330900 27.118000 37.713100
12.779700 25.061600 26.984700 38.200300
12.637300 25.249500 26.780300 38.261200
13.139700 24.748500 26.753600 38.218200
13.742500 24.842400 27.215600 37.774000
13.474600 24.980200 27.162100 37.910100
13.056000 24.717100 27.135400 38.221800
14.588100 25.218100 27.001500 38.511900
14.613200 25.825600 27.233500 38.716100
14.564400 25.819400 27.349500 38.726900
15.195700 25.719200 27.296000 38.655200
14.699100 25.788000 27.144200 38.802100
13.613300 25.067800 27.188900 38.236100
14.118300 24.372700 27.090800 38.694600
14.707500 24.729700 26.992600 38.576400
15.481900 24.335100 26.778300 38.590700
15.524000 24.610700 27.001500 38.959700
15.406200 24.629500 26.715800 38.852200
14.867400 24.804800 26.448100 39.325100
15.120000 24.886200 26.573100 39.296400
16.172100 25.180600 26.269700 39.253400
16.138500 24.660800 26.180400 39.260600
15.776500 24.560600 26.296400 38.766300
15.599700 24.786000 26.233900 38.991900
16.290000 24.554300 26.046500 39.189000
16.879200 24.053300 26.117900 39.633100
15.734400 24.097100 26.037600 39.575800
15.843900 24.485400 25.675300 39.848100
15.911200 24.479200 25.827700 39.855200
15.852300 24.911300 25.522800 39.636700
15.852300 24.723400 25.603500 39.045700
16.500400 24.535500 24.599200 38.064100
16.416200 24.898800 24.644000 38.759100
17.013900 25.130500 24.357100 38.852200
16.811800 25.293300 23.854900 38.261200
16.694000 25.117900 24.258500 39.063600
17.754600 25.474900 24.231500 39.411000
17.729300 25.481200 24.599200 39.722600
18.175400 25.418600 24.590200 39.657900
17.653600 25.355900 25.191100 39.794600
18.242800 25.913300 24.742700 39.028300
17.855600 26.176300 24.500600 39.330400
17.342100 26.508200 24.751600 38.816000
17.064400 26.370500 24.859200 38.557000
17.215900 26.426800 24.841300 38.002900
16.988600 26.026000 24.841300 38.762000
17.569400 25.268200 24.742700 38.754800
18.023900 25.161800 25.271800 38.772800
17.619900 25.330900 25.039300 39.262100
17.182200 25.418600 25.057300 39.460000
17.401100 25.456100 24.453800 39.402400
17.746200 25.424800 24.273700 39.690200
17.392600 25.994700 24.462900 39.733400
17.662000 25.838100 25.102300 38.949100
17.788200 25.819400 24.679000 39.334100
18.966700 25.944600 24.309700 40.197500
18.916200 25.168000 24.715000 40.363000
18.529000 25.894500 24.958200 40.355800
18.764700 25.644000 24.760100 40.327000
18.764700 25.644000 25.030300 40.226300
18.705700 25.562600 24.832100 40.442100
18.958300 24.610700 25.093400 39.877300
18.697300 24.936300 24.985300 40.046400
18.933000 24.898800 24.868200 39.085800
18.975100 24.955100 24.940200 39.197300
18.234400 25.161800 24.742100 37.905800
18.040800 25.011500 24.399800 36.858900
18.108100 25.593900 24.543900 37.675600
18.276500 25.543800 24.498800 37.078400
18.310100 25.218100 24.799300 37.333800
17.535700 25.568900 24.672600 37.754700
17.544200 25.387200 25.134200 36.387600
17.715700 25.875700 24.808400 37.254600
18.290300 26.439400 25.061800 37.815900
18.425600 26.489500 25.161400 38.557000
18.569200 27.334900 25.079900 36.959600
18.332600 27.623000 24.663600 36.715000
18.467800 27.779600 24.989400 36.902100
17.656500 28.311900 25.577700 36.103400
17.631200 28.311900 25.324400 35.394700
17.166400 28.073900 24.410200 35.776000
17.149500 28.092700 24.573100 36.715000
17.529800 28.650100 25.242900 36.689800
17.250900 29.044600 25.432900 36.794100
17.766400 28.969500 25.623000 37.412900
18.112900 29.746000 25.668200 37.366200
18.814300 29.520600 25.876500 38.017300
18.957900 29.470500 25.623000 37.520900
19.397400 29.520600 26.428500 36.358800
19.726900 29.345200 25.994100 37.373300
19.566400 29.689700 26.274700 37.233100
19.786100 30.253300 26.718200 37.751100
20.504400 30.510100 26.507200 38.287200
20.512800 29.551900 26.880100 37.823100
20.445200 29.301400 26.661800 37.945400
20.479000 29.921400 27.180100 37.204300
20.504400 30.196900 27.462000 37.103500
21.045200 29.614500 26.907300 37.715100
20.935400 29.902600 26.516400 37.851900
21.188900 30.146800 26.379900 38.226000
21.290300 30.503800 26.643600 38.222400
21.273400 30.666600 26.607300 37.934600
21.028300 31.242800 26.834600 39.503100
21.594500 31.224000 26.307200 39.826900
21.391700 30.929600 26.134400 39.438400
21.095900 31.706200 26.579900 39.586200
21.400200 31.631100 27.052800 39.485000
21.577600 30.917100 26.998300 39.376500
21.307200 31.249000 27.234600 39.665700
20.656500 31.543400 27.480200 39.991100
20.825500 31.837700 27.416500 39.806700
21.121300 32.858500 26.798100 40.428400
21.391700 33.140400 26.706700 40.352500
22.000200 32.670700 27.136100 40.240500
22.000200 33.365800 27.894300 40.327200
22.034000 33.065200 27.501500 40.988700
22.034000 34.205000 27.839500 40.688700
22.101600 34.154900 27.419300 41.216400
22.093100 35.125600 27.757200 41.122500
21.907200 35.770600 27.958300 40.851400
21.214300 35.538900 27.428400 41.162200
21.205800 35.764400 27.729800 40.685100
21.112800 33.290700 27.894300 40.240500
21.611400 33.735300 28.351100 40.410400
21.949500 34.361600 28.360200 40.207900
22.143800 32.965000 28.990500 38.754800
22.600200 32.821000 28.990500 39.069300
22.583300 32.608000 28.415000 39.510300
22.498700 33.998300 29.008800 39.409100
22.904400 33.779100 28.780400 39.539300
23.242400 35.175700 28.625100 40.182600
23.217000 35.088000 28.853500 40.367000
23.276200 34.430500 28.844400 39.980200
23.166300 34.061000 28.341900 40.554900
23.368100 33.228000 29.081600 39.246500
23.079900 32.670700 28.475900 39.307900
22.774700 33.196700 28.714500 38.892200
22.715300 33.866800 28.118100 39.622400
23.215500 33.528600 28.053800 38.118700
23.215500 33.898100 28.209800 37.847600
23.020500 33.484800 28.641000 37.117400
22.249100 34.311500 28.604400 36.596900
22.079500 33.591300 28.118100 38.180100
22.384700 34.530700 27.705100 38.031900
22.834000 33.572500 28.072100 37.262000
22.961200 33.403400 28.081400 37.352400
23.359600 33.084000 28.824600 36.618600
23.512200 33.791700 28.209800 36.936600
23.664800 33.866800 28.888800 35.866700
23.554600 33.466000 28.402500 36.752300
24.122600 34.349000 30.008300 35.602800
24.182000 34.392900 29.164100 36.188400
23.893700 35.294700 28.485000 37.836700
24.224300 35.238300 28.852100 37.854800
23.876800 36.140100 29.329300 38.389800
23.622400 35.776900 29.363400 38.035500
24.139600 37.305000 29.409400 37.558400
23.732600 37.730800 29.040900 38.444000
23.512200 37.536700 28.322000 39.213900
23.317200 37.323800 27.492600 39.203100
22.715300 38.551200 27.557100 39.626000
23.351200 38.526200 28.487900 38.118700
22.511900 39.478100 28.183800 38.646400
22.537300 39.678500 27.630800 38.534400
22.706900 40.286000 26.543400 37.851200
22.749200 39.409200 27.464900 37.092100
23.402000 38.438500 27.759800 37.384900
23.402000 38.451000 28.515600 37.384900
24.266700 39.014700 28.045500 37.717400
24.275200 39.440500 27.944200 38.482400
24.419300 39.215100 27.455700 38.882100
24.122600 40.655500 27.483400 38.998400
24.190400 40.730600 28.052700 38.315200
24.699100 41.745200 28.358200 38.180800
24.817800 41.325600 28.543300 37.784700
24.775400 41.695100 29.691100 37.319500
24.376900 41.444600 29.367200 37.294100
24.215900 40.066800 30.172600 36.004100
24.682100 39.910200 30.052200 35.960500
24.699100 39.121100 29.867100 35.132000
24.809300 39.929000 29.663400 35.662500
24.224300 40.436300 29.376400 35.996800
24.495600 41.131400 30.089300 35.582600
24.851700 41.450800 29.682000 35.993200
24.936500 40.198300 30.209600 34.863000
24.877100 40.279700 30.061500 34.430600
24.851700 40.386200 30.524300 33.140600
24.936500 40.035500 30.357700 32.642800
24.453200 41.563600 30.570600 32.155800
24.436300 42.621900 30.700200 33.296900
24.792300 42.615700 29.857800 33.707500
25.012800 42.722100 30.922400 32.998900
25.301000 42.296300 30.894600 33.798300
25.148400 42.941300 30.728000 34.041800
25.173800 43.605200 30.709500 33.678400
24.766900 44.200100 31.033400 34.572300
24.894100 44.488200 31.455700 35.375400
25.411200 45.139500 31.186000 34.735900
25.597700 43.479900 31.530100 33.395000
25.704100 45.471400 30.990700 33.002500
25.814700 44.569600 29.846800 33.322300
25.755100 44.444400 30.218800 33.009800
25.916800 44.331600 30.516400 33.256900
25.857200 44.394300 30.376900 33.707500
25.482800 45.026800 29.381900 34.209000
25.967800 45.840900 29.167900 33.772900
26.027400 46.235500 29.484100 33.762000
26.001900 46.385800 28.516900 33.900100
26.129500 44.669800 28.730800 34.045400
26.333700 42.709600 29.400400 33.634800
26.291100 40.611600 29.019100 33.936400
26.001900 40.592900 28.396000 34.557800
26.342200 42.202400 29.093500 34.932100
26.478300 42.816100 29.000500 34.881200
26.104000 42.778500 29.707300 34.390600
26.537900 41.757700 30.330400 33.282300
26.129500 40.924800 30.328600 33.166000
25.721100 38.657700 29.749500 32.980700
24.853200 39.985400 29.058400 33.286000
24.980900 40.223400 28.927700 32.279400
24.861700 40.711900 28.722200 31.788800
24.861700 41.288000 28.703500 31.167400
24.555500 40.849600 27.592100 32.839000
24.189600 41.876700 28.750200 32.388400
24.640500 41.670000 27.694900 32.493800
25.031900 41.400700 27.638800 31.752500
24.878800 41.256700 28.423300 31.276400
23.866300 41.557300 28.245900 33.213300
23.908800 42.590600 28.666100 32.010500
23.679100 42.171000 29.179900 32.887700
24.172600 40.993700 28.993000 33.851700
24.002400 40.711900 29.432000 33.899200
24.342700 40.686800 29.553400 33.296700
24.198100 39.985400 28.955700 33.143300
24.912800 38.739100 29.478700 32.679500
25.083000 38.745400 29.740200 32.847500
25.372200 39.315300 29.583400 34.541900
25.363700 37.906200 29.752400 34.574800
25.346700 38.307000 29.799300 34.699000
24.955400 36.647400 30.991200 34.644200
25.287200 37.073300 31.103800 34.669700
25.244600 38.144200 30.747200 34.618600
25.168000 38.463600 30.456200 34.257100
25.593500 37.806000 30.550100 34.326500
25.687000 38.795500 30.644000 33.362400
25.763600 38.833100 30.033900 33.198100
25.857200 38.751700 29.827400 33.311300
26.231600 37.643200 29.264300 34.629600
26.274100 37.530400 29.517800 34.702600
26.282600 38.707800 29.949500 35.224800
26.452800 39.966600 29.630400 35.250400
26.631500 40.167000 29.414500 35.027600
26.665500 41.006200 29.714800 34.947300
26.699500 41.720100 29.583400 35.166400
26.937800 41.156500 29.630400 35.633800
27.125000 41.306800 30.099500 35.644800
27.210000 40.160700 30.409300 35.444000
26.954800 39.941500 30.963000 35.144500
27.227000 38.407200 31.550300 36.188900
27.397200 38.920700 30.965900 36.331300
27.218500 39.233900 31.107300 36.083000
27.243300 38.545000 30.466300 36.528500
27.226200 38.400900 30.730200 35.604600
27.320100 38.426000 31.173200 35.473200
27.507700 39.860100 31.173200 35.378200
27.379800 39.171200 31.079000 35.947900
27.465100 37.649400 30.513400 35.955200
27.772200 38.645200 30.569900 36.061100
27.831900 37.799700 31.229800 36.703800
27.669800 37.912500 31.097800 36.751300
27.780700 38.601300 31.116700 36.893700
28.036700 38.720300 31.154400 36.470100
28.070800 39.409200 30.720800 35.593700
28.156100 39.678500 29.627400 35.601000
28.642400 39.891400 30.079800 34.918100
28.719100 38.714100 29.485900 35.290500
28.241400 39.027200 28.854400 35.524300
28.335200 38.902000 28.383100 35.779900
28.642400 40.774500 28.769600 35.907700
28.531500 41.488400 29.103800 35.378200
28.650900 41.275500 29.482700 35.082400
28.821500 42.095900 29.179600 35.056900
28.685000 42.621900 28.658800 36.064800
27.857500 41.870400 29.141700 34.425100
28.053700 41.350600 29.056500 34.545600
28.454700 41.106400 28.497800 34.297300
27.857500 41.457100 28.459900 33.566900
28.412000 42.596900 27.636100 33.753100
27.473600 43.636500 27.134200 34.373900
27.260300 44.325400 27.475100 34.403200
26.168400 44.444400 27.787600 34.162200
25.545600 43.292000 28.270500 33.680100
27.132400 43.248200 27.768600 33.742200
27.115300 43.185600 27.825400 32.945400
27.635700 43.830600 27.787600 32.897700
27.303000 42.452900 27.730800 32.802300
26.424300 40.918500 27.806500 33.029800
26.560800 41.475900 27.882300 31.715900
26.023300 41.538500 27.787600 31.459000
25.844200 41.651200 27.512900 31.624200
24.564600 40.968600 27.469200 31.771000
24.547500 40.260900 27.402600 30.963500
24.521900 40.580300 27.279000 31.011300
24.308600 40.348600 27.725900 30.537800
24.155100 39.384200 28.249100 31.352600
25.281200 38.131700 28.315600 30.453400
24.974100 38.407200 27.764100 30.640600
24.411000 37.987600 27.022200 30.104700
25.247000 36.960500 27.069800 29.693700
25.485900 35.063000 27.050800 29.058700
24.061200 34.643400 26.299500 30.148800
23.626200 35.332300 25.976100 30.603900
23.967400 33.835500 25.804900 30.890100
23.805300 32.683200 25.909600 30.915800
24.752200 33.610000 26.518200 31.440700
24.905800 34.612100 26.185300 31.693900
24.863100 34.186200 27.022200 30.717600
25.665100 35.726800 26.518200 30.706600
25.605300 35.025400 27.069800 30.031300
25.639500 34.868800 26.832000 31.000200
25.596800 35.081800 27.288500 31.826000
25.451800 35.119300 27.887700 31.202100
24.897300 35.714300 27.539900 30.956200
24.777800 35.476300 27.549500 30.526800
24.250600 33.666400 27.129000 31.763600
24.284900 33.704000 27.272400 31.972800
24.207800 33.265600 28.065300 31.268200
23.061000 33.547400 28.160900 32.134300
22.975400 33.553700 27.721400 32.626100
22.367800 31.988000 28.304300 32.127000
22.590300 30.735500 27.797800 31.840700
22.504700 29.858700 28.075000 32.196700
23.728600 31.474500 28.294700 32.427900
23.976800 32.727000 28.332900 31.774600
24.225000 32.107000 28.180000 31.260800
24.259200 37.718300 28.189600 31.477400
24.901100 36.271700 27.616300 31.558100
24.849700 38.163000 27.654600 32.237100
24.772700 39.954100 28.275600 31.271800
23.908300 39.603400 28.390200 31.407600
24.130800 38.620100 28.237300 31.862700
24.456000 38.407200 28.218300 32.435200
23.882600 38.582600 28.027200 31.921400
24.695700 40.154500 28.408200 31.627800
25.012300 37.668200 28.600200 31.587500
25.397500 38.156700 28.628900 30.174500
25.388900 35.601600 28.533000 30.317600
25.055100 35.964800 28.696100 31.260800
24.952400 37.129600 29.032100 29.877200
24.858300 38.626400 28.993700 30.060700
25.585700 40.348600 28.235400 30.717600
25.243400 41.131400 27.496400 30.930500
25.534400 36.290400 26.786200 28.728400
25.448800 35.413700 20.739700 29.466100
25.354700 35.645400 16.651100 27.451200
25.611400 36.484600 17.812500 28.721100
25.311900 33.860600 20.509400 30.471200
24.336200 32.376300 21.037200 29.433900
24.105200 33.372100 20.115800 28.415100
23.951100 31.912900 19.885500 28.555400
23.916900 29.207400 20.269400 29.242000
24.379000 28.637500 17.870100 29.264100
24.438900 29.307600 10.000000 25.768400
23.831300 29.489200 17.668400 27.470100
23.720000 30.334700 18.463900 27.495900
23.574500 30.666600 17.200900 25.941900
23.009700 29.608200 17.162300 25.384500
23.163700 28.969500 16.169300 23.309900
22.932700 28.762800 17.750500 21.578700
23.437600 31.518300 17.133400 20.648500
22.915500 29.858700 14.848500 18.134700
22.864200 29.539400 10.259300 17.322600
23.865500 29.602000 14.597800 22.066000
24.182200 30.328400 13.296200 21.512300
24.661400 29.389000 13.296200 17.883700
24.173600 28.192900 14.154300 19.267900
24.379000 29.483000 13.450500 19.061200
24.558700 30.090500 15.947600 21.128400
24.558700 29.846200 16.786300 20.039400
25.132100 29.614500 15.803000 18.112500
25.200600 29.608200 16.333200 18.500100
25.320400 30.334700 16.670600 16.783600
25.320400 33.710200 16.121100 15.643000
25.354700 34.950200 15.561900 19.264200
25.825400 34.812500 16.979100 19.013200
25.799700 34.555700 16.342800 20.201800
25.620000 34.455500 15.995800 20.397500
25.344000 31.606000 16.688500 20.500800
26.117700 32.376300 17.269900 21.719000
26.006000 31.856500 18.936400 20.161200
26.195100 31.462000 19.537100 18.193700
26.160700 30.904600 18.917100 19.301100
26.048900 31.887800 18.955800 18.847100
25.980200 31.994300 19.236800 17.791400
25.713700 34.117300 19.217400 16.333300
26.487400 34.706000 18.616700 18.308200
26.315400 34.793700 18.597300 16.628600
26.375600 35.895900 19.227100 16.204100
26.633500 37.129600 19.333700 16.798400
26.538900 37.655700 19.469400 14.738600
26.796900 36.691300 18.510100 12.505400
27.003200 35.845800 19.517800 14.007700
26.900000 36.440700 19.130200 16.041700
27.106300 35.946000 19.546800 16.274200
27.321200 36.434500 19.081700 17.496100
27.020300 37.812300 18.829800 17.909500
27.132100 38.282000 20.195100 14.963800
27.424400 37.962600 20.867000 16.130300
27.312600 38.413500 21.490300 16.887000
27.656500 38.219300 21.577900 16.141300
27.441600 37.085800 20.964400 17.112200
27.347000 37.511700 21.889500 18.245400
27.433000 36.002400 22.503000 17.691700
27.561900 37.023200 22.717300 17.916900
27.364200 36.760100 23.028800 17.115900
27.759700 34.793700 23.525500 17.503400
27.871400 34.843800 23.496400 17.045700
28.541900 34.154900 25.385500 18.570300
28.713900 34.486800 26.778000 18.241700
28.619300 35.983600 29.085900 17.614200
28.284000 37.067000 27.634900 17.472400
28.533300 36.841600 28.793700 17.051900
28.249700 37.167200 29.115100 16.717000
27.811200 39.559500 29.358500 16.903000
27.776900 39.897700 29.543600 17.089100
27.209500 39.484400 29.848700 16.996100
27.355600 38.858100 30.709200 17.762700
27.802600 40.242200 30.895100 18.235300
27.914400 41.356900 29.878000 19.247500
27.931600 39.759900 30.552800 19.206500
27.407200 39.565800 30.719000 19.437300
27.957400 39.997900 29.887800 18.395300
27.768200 40.624200 30.591900 18.533000
27.647900 40.273500 31.824000 17.807300
27.390000 39.484400 31.305800 17.011000
28.094900 40.693100 31.090600 17.070500
28.653700 41.995700 30.650600 16.050900
28.602100 42.534300 30.846100 16.062000
28.705300 42.139700 30.846100 16.307600
28.670900 43.974700 29.379300 14.636800
28.903000 44.826400 28.890400 15.931800
28.997600 44.112400 28.528600 15.448000
29.195300 45.421300 27.883100 15.582000
29.169500 45.358700 27.022500 15.794100
29.264000 43.511200 28.821900 16.110400
29.178100 42.553100 29.594400 17.174700
29.401600 42.415300 28.420900 16.117900
29.461800 42.171000 29.105500 15.477800
29.521900 41.144000 28.634700 15.384800
29.693900 40.524000 28.310400 15.816400
29.825000 39.922800 28.349800 15.663800
29.721500 41.801500 27.504700 16.125300
29.695600 42.045800 28.074600 17.022100
29.730100 40.918500 28.251500 17.066800
29.712900 39.403000 28.723200 15.582000
29.678300 40.004200 29.057300 15.764300
29.626600 41.206600 29.135900 15.786700
29.997600 41.319300 28.389100 15.451700
29.859600 41.062600 28.919800 14.134400
30.170200 40.605400 28.438200 14.063700
30.032200 42.521700 27.642200 13.747400
30.014900 43.216900 27.239300 13.464600
30.023500 42.784800 26.915000 12.433700
30.101200 41.857900 26.571100 13.486900
30.368700 41.219100 25.273800 13.259900
30.334200 41.782800 24.674300 12.794700
30.558600 41.713900 24.025800 12.165800
30.722500 41.050000 24.037600 10.926600
30.325600 40.580300 23.533800 10.729400
30.334200 40.749400 23.504200 11.347100
30.420500 41.187800 23.257300 10.256800
30.584500 39.797500 23.454800 10.301400
30.549900 39.089800 20.926100 10.000000
30.817500 37.605600 22.220100 11.510900
30.826100 38.488600 22.249700 11.685800
30.083900 38.419700 22.170700 12.750100
30.256500 38.244400 23.010300 12.969600
30.860600 39.233900 23.138700 12.884000
30.826100 38.945800 22.891800 13.747400
30.929700 39.058500 24.837800 14.398600
31.024600 37.975100 25.035300 14.030200
31.266200 37.543000 24.087000 13.404600
31.473300 38.632700 24.373400 15.469800
31.318000 38.576300 23.454800 14.862600
31.318000 38.908200 23.010300 15.181200
31.559600 39.791200 23.484400 15.803300
31.594100 40.361100 23.770900 15.241100
31.412900 39.935300 23.701700 14.184200
31.637300 39.196300 24.462300 14.457800
31.620000 39.534500 24.322300 15.035000
31.827200 38.839300 24.352100 15.923300
31.059100 38.664000 23.776000 16.234400
30.696600 39.691000 23.726300 15.987000
30.601700 39.503200 23.686600 15.256100
31.136800 40.286000 24.610400 15.586000
31.300700 40.148200 25.236100 16.815300
30.739800 40.524000 26.139900 16.822800
30.817500 40.392500 26.388300 16.268100
31.464700 40.974900 27.123300 16.605400
31.076400 41.225400 27.530500 17.073900
30.722500 41.156500 27.411400 17.291300
31.145400 41.507200 26.884900 15.923300
31.171300 40.768200 27.182900 16.534200
30.446400 41.144000 26.944500 16.339300
30.653500 41.939300 26.865000 16.650400
30.403200 42.947600 27.073600 17.133900
29.989000 43.091600 26.954400 16.826500
29.324500 42.841100 26.646500 16.725300
29.643800 42.684600 27.103400 17.407500
29.842300 43.173100 27.043800 17.418700
30.325600 44.438100 27.281400 17.594900
30.239300 44.131200 27.511000 18.715500
30.196100 44.563400 27.820400 18.599300
30.800200 43.329600 28.249600 19.187700
30.786400 44.456900 27.321300 18.708000
30.665200 42.853700 27.930200 19.502600
30.890200 42.753500 28.219600 18.850400
31.236400 42.953900 28.489100 18.749200
31.115200 42.947600 28.309500 17.891000
31.305600 42.859900 28.529000 18.175800
31.322900 41.920500 28.509000 17.902200
31.400800 41.250400 28.369300 18.846700
31.461400 41.745200 28.758600 18.805400
31.340200 41.945600 29.317600 18.576800
31.141200 41.563600 28.319500 18.089600
31.132500 41.707600 28.189700 18.018400
30.916200 40.868400 28.149800 18.872900
30.959400 41.137700 27.481100 18.262000
31.011400 41.438300 27.840400 18.730500
31.158500 41.976900 29.257600 19.333900
30.708500 42.014500 29.225500 20.173500
30.864200 41.864200 29.947900 20.203400
31.392100 41.288000 30.449400 19.753700
31.539300 42.027000 30.018000 20.083500
31.530600 41.388200 29.496400 20.091000
32.067100 41.050000 29.295700 19.944800
32.222900 41.018700 30.038100 20.124700
32.534400 40.079300 29.747200 20.034800
32.491200 40.267200 30.088200 20.192200
32.482500 40.292300 30.820600 20.289700
32.352700 40.711900 30.850600 19.472600
32.214300 41.087600 30.790500 19.000300
32.179600 41.964400 30.910800 18.966600
32.119100 41.789000 29.646900 19.217700
32.274800 41.732700 30.389200 19.345100
32.646900 42.634500 30.750300 18.304800
32.240200 42.503000 31.552800 18.331200
32.543100 42.684600 31.392300 18.621500
32.482500 42.609400 32.174800 19.360200
32.067100 42.684600 32.224900 19.269700
31.807500 42.878700 32.114500 19.593900
32.248900 41.864200 32.084400 19.311200
32.326700 41.281700 31.948400 19.454400
32.110400 41.563600 31.958500 18.504600
31.669100 42.697100 32.200400 18.500800
31.530600 43.004000 31.797300 17.845000
31.582500 43.523800 32.714100 17.822400
31.729600 43.523800 32.754500 17.886500
31.894100 43.404800 33.157600 17.807300
32.093100 42.859900 33.097100 18.613900
31.504600 42.346400 32.875400 18.806100
31.322900 42.308800 31.938300 19.805000
30.838300 42.352700 32.633500 19.748400
30.500800 42.841100 32.321300 20.132900
30.656600 42.402800 32.734400 20.509800
30.345000 41.594900 34.165100 20.675600
30.630600 41.832900 33.893100 20.668100
29.929600 42.146000 33.721800 21.463400
30.059400 41.995700 34.003900 21.614100
30.492100 42.822400 33.772200 21.723400
29.834400 41.983200 34.165100 21.550100
29.946900 42.271200 34.810000 21.459600
30.076700 42.321300 35.374200 21.844100
30.362300 42.528000 36.744600 21.896800
30.786400 42.947600 35.764600 22.511200
30.760400 42.665800 35.238200 22.609200
29.946900 42.966400 35.258400 22.499900
30.042500 44.413100 34.975000 22.303900
30.346400 45.195900 34.954700 22.797600
30.858700 45.264800 35.278600 22.718500
31.153900 45.239700 35.815200 22.243600
31.640200 45.039300 34.904000 22.646900
32.256700 45.365000 35.906400 22.937100
32.204600 46.003800 35.886100 22.643100
32.256700 45.552800 36.058200 21.708400
32.803700 46.122700 35.795000 22.002400
32.421700 46.736500 36.129000 22.330300
31.683600 46.429600 36.625100 22.718500
31.805200 46.035100 36.149300 23.464800
31.657600 45.828400 36.685800 23.461000
31.318900 46.592400 36.868000 23.536400
31.501200 46.097700 37.566600 23.540200
31.266800 45.271000 37.080600 23.626900
31.987500 44.970400 37.607200 23.619300
31.978800 44.970400 38.123400 23.272500
32.326200 45.183400 37.588400 22.420700
32.308800 46.097700 37.903700 22.277500
32.187200 45.527800 38.086800 22.590300
31.848600 45.778300 38.158000 23.121800
30.893400 46.661300 37.883400 23.453500
31.127900 48.227000 37.852900 23.751200
30.824000 48.277100 38.554700 24.150800
30.346400 49.091200 39.520900 24.143200
29.417300 48.596500 38.971700 24.335500
29.634300 49.034900 38.910600 24.501300
27.967100 49.441900 39.246300 25.104300
27.784800 49.410600 39.775200 25.044000
25.483700 48.640300 39.093700 25.069800
26.534400 48.847000 39.348100 24.967600
25.388200 49.467000 39.602300 25.202300
27.168300 48.972200 39.653200 24.865300
27.159600 49.147600 39.826100 24.422200
27.871600 49.266600 40.243100 24.210100
27.802200 49.003500 40.517700 24.918300
27.472200 47.989000 40.090500 24.797100
25.839700 47.964000 39.998900 24.641900
25.301400 47.281300 38.887400 23.649600
25.457700 48.496300 38.192700 23.467900
26.482300 48.439900 38.764800 24.047300
27.003300 49.241500 38.540100 24.611600
26.525700 50.863500 39.224500 24.721400
26.942500 51.264400 38.621800 25.028100
28.036600 51.157900 37.681900 25.274300
28.227600 51.489800 38.049700 25.433400
28.375300 51.928200 38.254000 25.350000
28.019200 52.059700 37.743200 26.050600
27.090100 52.823700 37.722700 26.202100
26.447600 51.972000 37.804500 25.891600
27.715300 52.936500 38.345900 26.232400
27.576400 54.107600 39.030500 26.012800
26.629900 54.333000 38.580900 25.641600
26.708100 54.527200 39.214400 26.058200
27.142200 54.520900 38.621800 25.584800
27.854300 54.884100 38.172200 25.141800
28.288400 55.754600 39.091800 24.956200
28.609700 56.055300 38.366400 24.195000
28.219000 57.270200 38.499200 25.043300
28.245000 56.274400 39.459500 23.873100
27.489600 56.625100 39.299400 24.160900
25.978700 57.721100 38.806800 24.285900
26.060600 58.829600 39.227600 24.388100
26.714600 58.560300 39.299400 25.119000
27.717300 55.454000 39.586800 25.225100
27.089500 55.015700 39.648500 26.149100
26.426800 53.650400 39.576500 26.156700
26.069300 53.612800 39.976800 26.368800
24.970800 53.594000 39.976800 25.944600
25.441600 52.623300 40.295000 26.168000
26.470400 53.218300 40.808200 26.770200
26.950000 53.218300 40.972400 26.819400
27.019700 54.063700 40.613200 26.792900
27.943900 51.452200 40.746600 26.243800
27.978800 52.448000 40.233400 26.096100
28.519400 51.145400 40.233400 26.622500
28.318900 50.663100 40.654300 26.686900
28.711200 50.938700 41.054500 26.834600
28.066000 52.028400 41.023800 26.149100
28.868200 52.185000 41.567700 26.289200
28.353800 51.489800 41.017200 26.804300
28.179400 51.164200 41.037900 26.785300
29.155900 51.383300 41.007000 26.455900
29.827300 52.961500 40.553400 26.694500
29.103600 52.886400 40.501900 26.630100
29.234400 54.051200 40.965700 26.164300
30.681700 53.600300 40.337000 26.319500
30.533500 53.938500 40.429800 26.554300
30.106300 54.902900 39.914300 26.732300
28.676300 53.381100 40.512200 27.020100
28.929200 54.051200 39.728800 26.823200
30.080100 54.364300 40.141200 26.887600
29.801100 53.637900 40.605000 26.380100
29.897000 54.076300 40.429800 26.616200
30.533500 52.410400 39.904100 27.042600
29.060000 51.439700 39.450500 27.194900
29.478500 51.289400 39.790700 27.278700
30.402700 51.502300 39.285600 27.480500
29.984200 51.546200 38.997000 27.571900
30.446300 50.907400 39.323100 27.510900
30.219600 50.857300 39.447300 27.495700
28.876900 50.537900 39.292000 27.084500
29.138500 52.028400 39.861300 27.804100
28.327600 52.516900 40.378800 27.918300
28.083500 52.228800 40.058000 27.948800
27.316200 49.554700 40.192500 28.131600
27.290000 49.673600 40.430500 28.276300
28.127000 49.335500 40.544500 28.337200
28.484500 50.193400 40.751500 27.929800
29.905700 49.993000 40.296000 28.295300
29.879600 51.283100 40.689300 28.413300
29.870900 51.220500 40.647900 27.922100
30.062700 52.830000 40.741100 28.462800
30.324200 52.610800 40.668600 28.017300
30.481200 53.061700 40.958400 27.183500
29.809800 52.754900 40.792800 26.235400
30.123700 52.510600 40.782400 26.448700
29.504700 51.752800 40.492700 26.273500
29.774900 51.414700 40.099400 26.471500
28.772300 51.990800 39.944100 25.991800
28.937900 52.692200 40.637600 25.542500
29.033800 52.704800 40.151100 26.178300
28.589200 53.719300 40.494100 26.680900
29.679000 54.082500 40.379800 26.471500
29.583100 53.625400 40.369400 25.180800
29.897600 53.594000 40.036700 25.264500
30.230500 53.005400 40.140700 24.971400
30.353200 52.898900 39.891200 25.477800
29.853800 52.091000 39.049200 25.397800
30.265600 52.178700 39.298700 25.824200
30.221800 51.809200 39.423500 25.790000
30.607200 52.066000 39.849600 26.437200
30.677300 53.306000 39.485800 26.635200
30.835000 52.805000 39.413000 26.882700
30.756100 53.268400 39.797700 26.970300
30.782400 52.003300 39.860000 26.977900
31.080300 51.658900 40.119900 26.463900
31.071500 52.015900 40.587700 26.848400
31.246700 50.788400 40.473300 26.791300
31.019000 51.051400 41.190600 26.818000
31.255500 52.185000 41.331500 27.255800
31.605900 52.297700 41.561200 27.373900
31.842500 51.802900 41.790900 27.411900
31.868700 52.422900 41.843000 27.541400
31.930100 53.237100 41.707300 28.154400
31.930100 53.606600 41.884800 28.162000
32.201600 53.731800 41.780400 28.234400
31.921300 54.614800 41.884800 28.428500
31.921300 54.733800 41.843000 28.611300
31.746100 55.372600 42.072700 28.615100
31.798600 54.990600 42.051900 28.626500
32.245400 54.740100 42.563300 28.976800
32.350600 54.971800 42.970400 29.239500
32.972500 55.353800 42.751200 29.216700
32.920000 53.869600 42.667700 28.991100
33.016300 53.788200 42.845200 29.228200
33.095200 53.994900 42.772100 29.541700
33.112700 54.539700 41.947400 29.323700
32.744800 54.232800 41.550700 29.251100
33.060200 55.053200 41.884800 29.224300
32.963800 54.809000 41.790900 29.507200
32.841100 55.980100 41.853400 29.537800
33.436800 55.760900 41.905600 29.384900
33.489400 55.754600 42.145800 29.690800
33.296700 56.424700 41.128700 30.057800
33.226600 56.675200 41.390800 30.164800
33.410600 56.130400 41.946600 29.904900
33.445600 56.268200 41.736900 30.061600
33.568200 58.366200 41.810300 30.359800
33.638300 58.259700 42.124800 30.432400
33.358000 57.783700 42.523300 30.466900
33.559500 59.731400 42.428900 30.986800
33.366800 60.201100 42.617600 31.025000
33.331700 59.706400 42.879800 30.287200
32.701000 59.593600 42.596700 30.459200
32.963800 58.942300 42.837900 30.868300
33.331700 58.998700 43.225800 30.784200
33.550700 57.263900 42.974100 30.921800
33.515700 56.712800 42.953200 31.223800
34.242800 56.349600 43.005600 31.048000
34.260300 57.339100 43.079000 29.950700
34.496900 57.664700 43.267800 30.294800
34.558200 58.391200 43.550900 30.860600
34.733400 58.510200 44.012200 30.076900
34.505600 58.597900 44.045900 30.665700
34.593200 59.249200 44.182800 29.583700
34.269100 59.199100 43.698400 29.316100
34.286600 58.046800 41.845100 27.832700
34.940600 58.848400 42.203200 27.190400
35.010900 60.251200 42.898200 29.063800
34.501100 59.969400 43.014000 28.937600
34.439600 59.687600 42.971900 29.557000
34.764800 58.679300 43.298300 28.998800
35.081200 59.368200 43.266700 28.195900
34.747200 59.105100 43.456200 28.218900
34.386800 59.969400 43.814300 27.626300
34.386800 59.549800 43.877400 27.381600
33.938500 60.520500 43.624700 25.768200
33.138600 61.121700 43.435100 26.368400
33.446300 59.593600 43.730000 25.833200
34.070400 60.244900 43.193000 25.875300
33.622100 59.956900 43.266700 25.626800
33.674800 60.169800 42.687600 26.999300
34.290100 61.109200 42.540100 26.467900
34.017600 59.981900 42.448100 25.764400
33.560500 60.169800 42.839400 26.834900
33.920900 60.357700 42.479800 26.980100
33.411100 57.476900 43.156600 25.492900
33.648400 58.353600 43.621900 24.984500
34.158300 57.163700 43.621900 25.416500
34.448300 57.915200 43.664200 25.198600
34.571400 57.664700 43.198900 26.383700
34.422000 58.291000 43.611300 26.586400
34.703300 57.727400 43.399800 26.521400
34.597800 58.291000 43.262300 27.473300
34.369200 58.291000 43.378700 27.458100
33.604500 58.228400 44.118900 27.526900
33.569300 57.289000 44.108300 27.573300
33.077100 56.662700 44.393800 27.450400
33.235300 57.289000 44.943700 26.743600
33.121000 56.725300 45.419500 26.613000
33.217700 57.351600 44.964800 25.917700
32.822200 56.850600 45.155200 26.090600
32.567300 56.537500 45.779000 25.960000
32.470600 55.347600 45.726200 24.684700
31.741000 55.472800 46.180900 24.304400
31.310300 55.723300 46.308200 24.127700
31.872800 56.537500 45.979100 23.912500
31.925600 56.600100 46.456900 24.169900
31.758600 56.850600 46.531200 25.414500
31.960700 57.289000 46.244600 25.817800
31.864000 57.414200 46.106500 26.125200
32.127700 58.040500 46.244600 26.152100
31.881600 57.727400 46.308200 26.778200
31.600300 57.977900 46.817900 26.774300
30.527900 57.727400 47.019600 26.785900
30.448800 58.604100 47.221300 25.625800
30.738900 58.604100 47.200100 25.867800
31.503600 59.105100 47.327500 26.324900
31.758600 59.167800 47.890300 25.783300
31.925600 59.480900 47.741700 26.701400
31.556400 59.543500 47.890300 27.066300
31.644300 59.355600 47.996500 27.508000
31.644300 59.230400 47.603500 27.504200
31.916800 59.606200 48.017700 27.227600
32.303600 60.169800 48.060200 27.020200
32.417800 59.919300 48.601600 27.012500
32.869600 60.044500 48.353300 27.969000
32.666700 59.919300 48.641000 27.761600
31.687200 60.670800 48.278600 28.049700
32.110700 60.482900 48.491800 28.003600
31.404800 60.796000 49.163400 27.826900
31.607700 60.482900 49.547200 28.057400
31.775400 61.109200 49.397900 27.823000
31.704800 61.109200 49.387300 26.639900
32.657900 60.357700 48.971600 26.382500
32.790200 60.420300 49.429900 26.259600
33.037300 60.420300 50.730400 26.240400
33.196100 61.860700 50.538500 26.751300
32.552000 61.798100 50.645100 26.828100
32.507800 62.299100 50.773000 26.094400
32.066600 62.236400 50.986200 25.960000
32.101900 62.487000 51.242000 25.802500
31.890100 63.175800 51.519200 25.191700
32.552000 63.301100 51.743000 25.349200
32.419600 63.301100 51.849600 25.076500
32.693200 63.489000 50.762400 25.702600
33.125600 63.614200 51.540500 25.107200
33.310900 64.365700 51.945600 25.107200
32.878500 64.303100 51.040300 26.317200
32.419600 64.303100 50.890600 26.705200
31.881300 64.992000 49.991800 27.250700
31.960700 64.741500 50.869200 26.770500
32.754900 66.307100 50.633800 27.066300
33.522700 66.808200 50.013200 27.262200
33.363800 65.868800 50.098800 27.477300
33.187300 66.682900 50.259300 27.953600
33.037300 67.058700 50.815600 27.926800
32.587300 66.870800 50.623000 28.091900
33.434400 68.248600 50.248600 28.080400
33.672700 68.686900 50.633800 28.096600
33.937400 67.935400 50.783600 28.760900
33.946200 68.311200 51.693000 28.672000
33.999200 65.806100 51.618100 28.455800
33.910900 66.432400 51.703700 28.100500
33.884500 65.367800 51.436300 28.996400
34.166900 65.430400 52.056900 28.784000
34.140400 66.244500 52.270800 28.938500
34.458100 66.181900 52.153200 28.861300
34.608100 65.305100 52.495600 28.730000
34.537500 66.432400 51.909100 28.915300
34.352200 67.309200 52.102400 28.583200
34.422800 66.870800 52.349500 29.467600
34.096300 67.246500 53.133600 29.463700
34.352200 66.620300 53.101300 29.409700
34.299200 69.375800 52.983200 29.660700
34.228600 69.626300 53.090500 29.703200
34.378600 70.565700 52.908000 29.842200
34.175700 69.125300 52.843500 30.193600
34.299200 70.190000 51.866100 30.016000
34.246300 70.377800 51.103500 30.108700
34.202100 67.935400 51.930600 30.332700
35.093400 67.121300 51.941300 29.734100
35.119900 66.307100 52.156100 30.174300
34.996300 65.994000 51.833900 30.274700
35.084600 66.996000 51.984300 30.359700
35.208100 66.996000 52.413900 30.494900
35.808200 67.872800 51.769400 30.502600
36.002300 68.436400 51.458000 30.371300
35.852300 68.311200 51.941300 30.379000
35.764100 67.371800 52.177600 30.413700
35.861200 67.810200 52.136600 30.429200
35.790600 69.062700 52.697300 30.792200
35.817000 69.125300 52.298300 30.977600
35.817000 68.874800 53.441300 31.869700
35.290700 70.691000 53.053200 32.047300
35.024900 71.442500 53.117800 31.958500
35.450200 69.751600 52.212100 31.618700
35.308400 68.686900 51.953300 31.807900
35.361600 69.062700 51.425000 31.630200
35.388200 69.062700 50.584000 31.074100
35.494500 69.438500 49.279300 31.008500
35.786900 69.501100 49.904700 30.286300
35.804600 68.686900 49.904700 30.309500
35.707200 68.123300 49.990900 30.981400
35.299600 68.311200 50.400700 31.108900
34.874300 68.874800 51.058400 31.070300
34.998300 69.000100 51.123100 30.398300
34.803400 68.812200 50.141800 31.074100
35.157800 68.624300 50.292800 30.533500
35.592000 68.812200 50.411400 30.672500
35.751500 70.190000 50.228100 30.413700
35.636300 70.503100 49.964000 31.387000
34.909700 70.064700 49.704300 31.985500